117
127
138
123
128
123
128
145
114
138
140
140
123
138
114
138
118
123
117
123
118
140
123
127
127
123
140
127
138
140
123
138
128
118
114
145
138
140
138
118
145
128
123
140
140
118
128
123
145
127
117
118
140
127
127
145
123
128
138
127
114
145
114
114
128
123
118
128
114
123
140
128
138
140
117
123
123
114
118
138
145
140
123
118
117
140
123
123
123
117
123
114
123
123
127
117
128
118
138
114
140
117
127
128
127
118
114
118
127
127
123
145
123
114
127
123
138
128
127
123
145
138
117
117
138
145
128
140
123
117
117
114
123
123
