473376
2715993
702926
346644
947143
913688
2523721
641165
3211819
3727746
873701
5560825
1507981
1607532
798525
11732000
1164294
8358840
2928677
1333421
4998850
3713198
641664
2925851
1211718
218499
4781410
559154
1639015
744219
1193345
15260697
721823
356084
681403
918485
16280154
1693258
2608223
952045
4736690
2292042
42808209
2396391
1140326
19271572
8085857
1050230
682867
1618892
6031791
2191442
899955
14741007
881297
2872348
3460495
324623
554732
3918898
642356
2552090
2362632
2799414
32946978
3227280
661337
2091191
1433615
1512208
4383868
772210
561913
5447407
6325303
2046492
768952
2514914
7068688
1221131
1347781
875630
1927104
2352393
2103491
100926
4528531
1693320
1145214
891561
566653
19218985
3657689
631064
303875
1110590
2156093
4099513
447576
381132
1293342
2561306
413890
11015969
324414
452474
155561
940892
1519327
6765083
483008
358817
889721
417598
3082590
12976797
569854
562108
357795
8951963
564587
9745287
1158033
2767714
1091234
3136581
262246
5903011
931354
1920909
984556
7277418
950367
699385
